	H3K4me3	H3K4me1	H3K27ac	H3K27me3	H3K9me3	H3K36me1	H3K36me3	H3K79me1	H3K79me2	H3K79me3
100	1.273	1.845	1.255	6.678	3.992	3.008	0.4813	2.13	0.2253	0.5487
300	1.263	2.094	1.314	6.704	4.17	3.26	0.2024	2.321	0.2718	0.597
500	-0.1197	-0.3921	-0.3642	1.862	0.8911	0.4991	-0.3099	0.2276	-0.6492	-0.5131
700	0.1116	-0.8932	-0.8005	1.477	-0.2313	0.2389	-0.4453	-0.4695	-0.9227	-0.6949
900	0.5436	-0.4834	0.02368	2.255	1.632	0.6649	-0.3674	0.1754	-0.5208	-0.415
1100	-0.05895	-0.4038	-0.1332	1.656	0.6821	0.2218	-0.4263	-0.4604	-0.6122	-0.4382
1300	-0.9026	-0.8149	-0.6901	-0.2203	-0.4606	-0.7241	-0.6488	-1.197	-0.8707	-0.8591
1500	-0.6681	-0.4666	-0.4846	0.4594	0.01318	-0.1542	-0.6195	-0.2392	-0.5366	-0.7236
1700	-0.5909	-0.1219	-0.451	-0.7068	-0.09364	-0.07976	-0.6249	-0.3225	-0.9198	-0.9721
1900	0.1935	0.9121	-0.5049	-0.1832	-0.3992	0.3087	-0.1176	-0.2428	-0.7054	-0.6213
2100	-0.3413	0.9844	0.1747	0.02549	-0.1943	0.627	-0.4308	0.9737	-0.1635	-0.4503
2300	-0.5118	1.312	0.0821	-0.3081	0.2805	1.385	-0.1888	1.038	-0.08058	-0.2353
2500	-0.843	0.2333	0.2523	-0.58	-0.2459	1.116	-0.5682	0.5922	-0.3861	-0.5221
2700	-0.706	-0.5925	-0.3794	-0.6205	-0.3849	0.4714	-0.5614	0.1259	-0.5511	-0.8003
2900	-0.243	0.6626	0.09401	-0.6578	0.09621	1.325	-0.1787	1.382	-0.24	-0.322
3100	-0.4808	0.7936	0.5	-0.3995	0.2132	1.878	-0.2888	0.9525	-0.02606	-0.2867
3300	-0.5448	0.9483	1.115	0.1011	0.8777	2.605	-0.4182	1.642	-0.04309	-0.0861
3500	-0.4501	0.6969	1.476	-0.5959	0.2036	1.548	-0.3879	0.979	-0.1603	-0.2316
3700	0.2053	0.4125	1.643	-0.9692	0.1587	0.389	-0.4711	-0.06375	-0.5297	-0.7024
3900	0.4891	-0.02594	-0.5906	-0.8592	-0.2754	-0.007567	-0.52	-0.2259	-0.3091	-0.7643
4100	2.963	0.2247	2.925	-1.262	-0.4296	1.415	-0.4002	1.15	-0.3451	-0.7425
4300	1.749	2.175	2.479	-1.25	-0.2131	2.793	0.09348	2.634	-0.159	-0.4239
4500	0.3153	1.577	0.6488	-1.037	0.03002	2.864	-0.0939	1.44	0.09009	-0.4659
4700	0.02543	0.7245	-0.1421	-1.185	-0.213	1.503	0.6141	1.799	-0.01117	-0.3363
4900	-0.6156	0.5036	-0.2085	-1.206	-0.3814	1.558	0.3978	1.115	-0.1218	-0.1554
5100	-0.3123	0.2516	0.1117	-0.7232	-0.5201	1.086	0.1961	1.322	-0.3769	-0.5807
5300	-0.6504	-0.09875	0.02368	-0.9396	-0.4945	0.4427	0.4978	0.9172	-0.3569	-0.517
5500	-0.9367	-0.3014	0.1918	-0.8595	-0.4755	0.4098	-0.09351	1.05	-0.2972	-0.5385
5700	-1.032	-0.6962	-0.3121	-1.011	-0.4128	0.04305	-0.2534	-0.2515	-0.382	-0.8122
5900	-0.5397	-0.1498	0.3542	-1.143	-0.5445	0.0981	0.2207	0.2507	-0.3796	-0.2164
6100	-0.1392	-0.5817	-0.584	-1.352	-0.1226	0.4569	1.308	1.374	-0.2677	-0.04611
6300	-0.1033	-0.2277	-0.3217	-1.282	-0.5412	1.011	1.289	1.593	0.1806	-0.2764
6500	-0.5353	-0.03763	-0.0545	-1.181	-0.0656	1.113	0.2478	1.228	0.164	-0.3653
6700	-0.9112	0.1819	-0.04826	-0.6574	0.6922	1.699	-0.08033	2.082	-0.09219	-0.2057
6900	-0.1731	-0.1083	0.03653	-0.9691	-0.3237	2.564	-0.08672	2.419	-0.1405	-0.3388
7100	-0.8021	-0.7589	-0.01139	-0.5028	-0.3951	1.85	-0.05801	1.165	-0.1618	-0.4414
7300	-0.7111	-0.6379	-0.05034	-1.061	-0.8725	1.495	-0.4021	-0.3196	-0.5809	-0.543
7500	-0.2128	-0.2404	0.4617	-0.7054	-0.173	2.376	0.03167	2.296	0.02182	-0.2575
7700	-0.3022	0.0569	-0.02699	-0.6055	-0.1811	3.029	-0.2541	2.502	0.0678	-0.1897
7900	-0.2747	0.565	0.3532	-0.6097	0.6029	2.905	-0.324	1.941	-0.02392	-0.2018
8100	0.2116	-0.2357	0.1158	-0.7926	-0.2527	3.23	-0.1471	2.144	0.1509	-0.08362
8300	0.1863	-0.4484	-0.06613	-0.9277	0.8712	4.396	-0.04286	3.547	0.2822	0.325
8500	0.04399	-0.1698	0.04107	-1.022	0.3274	3.755	-0.05985	2.216	0.4123	0.01962
8700	-0.009502	-0.694	-0.3388	-0.6287	0.5742	2.136	0.2022	1.78	0.2749	-0.004751
8900	-0.662	-1.398	-0.7132	-1.19	-1.034	0.9986	-0.1518	0.03787	-0.4549	-0.7034
9100	-0.654	0.161	-0.1442	-1.176	-0.4315	1.164	-0.1451	1.146	0.328	-0.1319
9300	-0.002991	0.4753	0.01366	-1.268	0.6521	1.805	0.2535	2.185	0.4625	0.3159
9500	-0.1274	-0.5959	-0.4186	-1.369	0.4547	0.8111	0.444	1.236	0.01342	-0.1813
9700	-0.5783	-0.186	-0.364	-0.8934	-0.2869	0.6364	0.7063	0.2903	-0.113	-0.3255
9900	-0.8221	-0.1939	-0.2212	-1.135	-0.1812	0.744	0.1793	1.257	-0.008647	-0.3037
10100	-0.425	-0.1862	-0.2086	-1.147	0.2902	2.102	0.147	1.715	0.1635	-0.3274
10300	-0.02261	-0.02264	-0.187	-0.8454	-0.391	1.904	-0.07665	1.33	-0.08555	-0.4805
10500	0.4223	0.5	0.08673	-0.25	0.2066	2.864	-0.202	1.189	0.03137	-0.04875
10700	-0.4224	0.728	0.4756	-0.613	1.249	2.993	-0.1919	1.997	0.3733	0.1228
10900	-0.5887	-0.01349	0.5151	-0.8971	0.3528	1.434	-0.5044	1.47	-0.06584	-0.1783
11100	-0.2453	-0.04386	0.4995	-0.03086	0.5164	2.602	-0.3709	2.499	0.07765	-0.06454
11300	0.204	0.2627	-0.5495	-0.07261	0.8	2.444	-0.3126	2.686	0.1202	-0.1115
11500	1.238	0.09286	-0.06102	-0.868	0.3329	1.7	-0.1896	2.067	0.4489	0.2357
11700	0.9496	0.01065	2.248	-0.9075	0.3871	1.514	-0.539	2.003	0.3381	0.4136
11900	0.7076	-0.09582	0.7517	0.4002	0.3606	0.9525	-0.2619	1.531	0.375	0.3974
12100	-0.2713	-0.2494	0.06584	0.1242	0.1213	-0.1179	-0.2267	0.6225	-0.1823	-0.2189
12300	0.5814	0.05131	0.3093	-0.02778	0.8483	1.432	-0.3236	0.9719	0.5212	0.2201
12500	-0.1865	-0.2641	0.4204	0.01325	0.7353	1.374	-0.3658	1.772	0.1465	0.3151
12700	-0.439	0.08714	0.5426	-0.6719	0.2485	1.494	-0.3867	1.944	0.2466	0.25
12900	0.4581	0.2053	-0.2302	-0.1573	0.5572	1.583	-0.1738	2.198	0.562	0.4143
13100	0.3629	0.9786	-0.4295	0.2858	1.183	1.627	0.0487	2.643	0.6805	0.9536
13300	0.3021	0.7134	0.05865	-0.2081	0.8207	2.043	-0.4437	2.762	0.5259	1.113
13500	0.4863	0.759	0.2417	-0.5279	0.457	1.443	-0.3243	1.988	0.3385	0.3301
13700	-0.3968	-0.1811	0.4601	-0.2104	0.1153	1.287	-0.5457	0.5186	0.02411	-0.2808
13900	-0.259	0.2375	0.2594	-0.3894	0.4083	2.163	-0.4493	1.69	0.1181	0.147
14100	-0.5397	0.07443	-0.06981	-1.464	-0.1314	1.176	-0.5365	0.5548	-0.1508	-0.2413
14300	-0.5287	-0.7104	0.09741	-1.137	-0.2193	1.532	-0.5612	0.5404	-0.258	-0.2745
14500	0.1489	1.074	0.7915	-0.6212	0.2941	2.638	-0.2395	2.665	0.7589	0.7013
14700	-0.06238	0.1746	0.1987	-0.4967	-0.248	2.282	-0.2064	1.797	0.1216	0.1477
14900	-0.0966	-0.04983	-0.4375	-0.782	0.1425	1.395	-0.1831	1.471	0.3537	0.287
15100	1.019	0.526	-0.3181	-0.1169	1.042	2.246	0.1737	3.068	0.5427	0.7612
15300	-0.2454	0.3136	0.02301	-0.7008	0.7516	2.298	-0.4439	1.972	0.2961	0.2173
15500	-0.1775	1.654	0.1523	-0.8493	1.33	2.795	-0.3318	2.272	0.5691	0.1754
15700	0.1615	1.683	-0.2157	0.3542	1.011	1.764	-0.1593	2.593	0.9946	0.4752
15900	0.4199	1.248	-0.01111	-0.6596	0.256	3.431	-0.4088	2.929	1.161	0.6104
16100	-0.1551	1.546	0.4101	-1.026	-0.2155	4.68	-0.2519	2.488	1.2	0.68
16300	0.1424	1.861	0.7951	-1.006	-0.279	4.524	-0.3903	1.15	0.7504	0.5641
16500	1.203	3.199	1.279	-1.379	0.1735	5.793	-0.411	3.113	1.434	0.8566
16700	1.619	1.855	2.422	-1.299	-0.3025	4.377	-0.4439	2.516	0.659	-0.04426
16900	3.326	0.04585	2.278	-0.9454	-0.4211	2.407	-0.5907	1.597	0.1652	-0.4013
17100	-0.3282	1.389	0.07595	-1.348	-0.586	1.521	-0.5751	1.021	-0.03347	-0.7086
17300	-0.05402	3.021	0.8052	-1.395	-0.2209	4.932	-0.4312	3.898	-0.1502	-0.4679
17500	-0.3976	1.501	0.5224	-0.9513	0.0764	4.124	-0.1274	2.845	0.2085	-0.1662
17700	-0.295	1.506	-0.1608	-0.6617	-0.344	3.288	1.065	2.952	0.2669	-0.05541
17900	-0.3971	-0.341	-0.6123	-1.202	-0.3383	1.003	0.9608	1.911	0.214	-0.1299
18100	-0.4658	-0.03458	-0.2525	-1.053	-0.2806	0.1338	1.95	1.77	0.3334	-0.1465
18300	-0.6205	-0.3343	0.3809	-1.173	0.0868	0.05948	0.9083	1.703	0.1604	-0.04988
18500	-0.5373	0.3028	-0.1273	-1.301	-0.724	0.1664	0.6399	1.148	0.1915	0.04382
18700	-0.6334	0.07723	0.1587	-1.39	0.1502	-0.2165	0.7304	1.281	0.01907	-0.03537
18900	-0.6791	-0.397	-0.2099	-1.458	-0.7185	-0.6032	0.5576	0.5121	0.1578	-0.3666
19100	-0.2039	0.278	0.08862	-1.349	-0.06392	0.1634	2.836	2.659	0.716	0.4172
19300	-0.7088	-0.4504	-0.01773	-0.9881	0.3316	1.126	1.277	2.001	0.3952	0.07147
19500	-0.8095	-0.003198	-0.1956	-0.8812	0.3673	1.235	0.2282	1.793	0.2554	-0.1019
19700	-0.954	-0.7353	-0.4849	-1.108	-0.3723	0.2559	-0.01463	1.082	-0.07486	-0.3374
19900	-0.8542	-0.8901	-0.8729	-0.7291	-0.7656	-0.5523	-0.2948	-0.2572	-0.4903	-0.4189
20100	-0.925	-0.554	-0.3811	-1.379	-0.6576	0.22	0.3299	0.6388	0.3521	-0.1824
20300	-0.2132	0.318	-0.09931	-1.56	-0.06659	0.08207	1.854	1.128	0.3377	-0.04114
20500	-0.332	0.2137	-0.338	-0.9235	-0.1341	0.6532	1.454	1.49	0.7582	0.00102
20700	-0.6634	-0.1244	-0.3723	-0.5382	-0.4176	1.061	0.4316	1.384	0.2674	0.02042
20900	-0.3864	0.8992	-0.2855	-1.026	-0.3975	1.599	0.9389	2.074	0.6524	0.08606
21100	-0.4836	0.2644	-0.3333	-0.64	-0.3767	1.826	0.5759	2.633	0.2233	0.1765
21300	-1.062	-0.4545	-0.151	-0.9967	-0.5002	1.945	-0.4153	0.6845	-0.2356	-0.514
21500	-0.1876	-0.05072	0.3342	-0.498	0.3794	4.212	-0.07937	3.097	0.2377	-0.06222
21700	0.668	1.689	-0.1172	-0.226	0.08967	6.192	0.3181	4.65	0.9362	0.864
21900	0.7727	0.5815	-0.3335	-0.6696	0.2089	4.578	0.07859	3.966	0.7635	0.4822
22100	-0.6773	-0.07092	-0.2024	-0.9899	-0.2868	3.622	-0.3278	1.76	0.1938	-0.383
22300	0.2404	0.7775	0.3525	-0.6714	0.06133	3.321	-0.1048	2.024	0.7101	-0.2633
22500	0.09994	1.411	0.564	-0.5069	0.1078	3.66	-0.2949	0.9219	0.2056	-0.05981
22700	-0.1332	1.199	0.6379	-0.7232	-0.01586	5.132	-0.3042	1.945	0.2737	0.06763
22900	0.1204	1.265	-0.5657	-0.5587	-0.02101	2.268	1.997	3.314	1.101	0.8306
23100	0.3908	1.094	-0.4179	-0.9402	0.7958	2.197	3.412	3.857	1.197	1.184
23300	0.395	-0.3244	-0.5134	-1.345	0.7268	1.442	2.569	2.671	1.014	1.116
23500	0.4911	-0.269	-0.4764	-1.393	0.914	0.9788	3.533	1.651	0.5689	1.036
23700	0.5707	0.5321	0.02122	-1.199	0.5992	1.47	2.21	2.093	1.165	0.966
23900	-0.5293	-0.4349	0.2341	-1.047	-0.02953	0.8962	0.08507	0.1496	0.1958	-0.07504
24100	-0.4694	0.4039	0.4539	-0.9881	-0.02983	0.6154	0.3301	0.58	0.8683	0.2169
24300	1.553	0.371	1.735	-0.7528	-0.613	2.48	1.161	1.574	0.913	0.8404
24500	1.324	0.9342	0.4063	-0.5211	-0.08978	0.5598	1.006	0.405	0.5361	0.4418
24700	0.8158	1.525	-0.04127	-1.019	-0.1305	0.4336	1.336	0.5437	1.021	0.5177
24900	-0.1553	1.421	0.3591	-1.294	-0.3008	0.09619	1.066	0.4183	1.153	0.4657
25100	-0.6378	1.422	0.1724	-1.333	-0.4449	-0.08803	1.618	0.8529	1.193	0.7747
25300	0.0754	2.14	0.4089	-1.122	0.1242	0.5276	3.222	2.194	2.071	1.766
25500	0.03765	1.71	-0.03531	-1.28	-0.125	0.8264	1.925	0.9459	1.758	1.3
25700	0.02736	1.451	0.3418	-0.5586	-0.5868	0.4838	1.336	1.534	1.465	1.241
25900	-0.2347	1.814	0.1182	-1.219	-0.007732	0.203	1.282	1.459	1.595	1.146
26100	0.2677	2.028	0.06187	-0.8759	0.1288	0.9468	2.783	1.933	1.691	1.288
26300	0.176	3.521	0.6997	-1.182	-0.2895	0.3382	2.534	1.836	1.378	1.457
26500	4.1	2.017	1.132	-1.316	0.1621	0.9682	2.198	2.394	1.191	1.487
26700	8.58	1.255	3.073	-0.8475	0.07214	3.036	0.4847	2.241	1.183	1.158
26900	1.77	-0.2154	0.5058	-1.136	-0.8904	0.4999	-0.4891	-0.2564	-0.2346	-0.6673
27100	-0.1887	-0.3239	-0.5546	-1.394	-0.4997	0.1974	-0.6521	-0.624	-0.1567	-0.9637
27300	0.1546	2.903	0.4543	-1.196	-0.5148	2.988	-0.3603	1.783	0.03526	-0.3876
27500	-1.129	0.9802	0.2394	-0.5743	-0.3646	2.505	-0.4808	1.505	-0.1938	-0.7125
27700	-0.8675	1.128	0.5407	-0.838	0.08531	2.483	-0.3414	2.276	0.3647	0.25
27900	-0.5857	1.727	0.349	-0.5002	-0.03359	2.86	-0.01796	2.918	1.094	0.7736
28100	-0.5455	1.615	-0.4526	-0.8296	-0.3294	1.522	0.3093	1.982	1.35	1.114
28300	0.5454	1.789	-0.1757	-1.028	-0.5171	1.4	1.54	2.048	1.267	1.517
28500	-0.8405	-0.3027	-0.4249	-1.385	-0.6853	-0.2899	0.2379	-0.7282	0.5237	0.1625
28700	-1.027	0.09896	-0.1476	-1.542	-0.3846	-0.6168	0.6867	-0.6959	0.4696	-0.2378
28900	-1.054	-0.5166	-0.4196	-1.532	-0.5448	-1.035	0.6591	0.1616	0.3236	0.06674
29100	-0.4715	0.6176	-0.01773	-1.137	-0.2115	-0.1316	2.004	0.557	1.392	1.174
29300	-0.2549	0.08333	-0.1739	-0.3612	0.06322	0.2459	3.428	1.314	2.022	1.673
29500	-0.3828	-0.3721	-0.3163	-0.969	-0.1685	0.2728	0.5064	-0.1932	0.9284	0.5735
29700	-0.2778	-0.1685	-0.4463	-0.8162	-0.956	0.05717	1.826	-0.3933	0.8215	0.7406
29900	-0.224	0.5734	-0.4147	-0.488	-0.3224	0.2649	1.789	0.2437	1.381	0.9709
30100	0.06836	1.154	-0.2166	-1.039	-0.2787	0.3897	2.664	0.2359	1.906	2.052
30300	0.2514	0.2378	-0.6303	-0.2671	0.1144	0.1597	3.223	0.7671	1.606	2.187
30500	-0.01865	0.3488	-0.3619	-1.007	-0.05787	0.4966	1.538	0.2139	1.862	1.503
30700	-0.326	0.3733	-0.4446	-1.313	-0.3189	1.194	0.6403	0.01596	1.409	1.062
30900	-0.1423	0.08435	-0.1473	-1.12	-0.3824	1.588	0.8084	-0.1037	1.693	1.37
31100	-0.5475	0.1211	0.1709	-0.9165	0.1149	1.819	0.4363	0.1944	1.766	1.705
31300	-0.7377	0.9546	-0.1381	-0.8359	0.7766	1.605	0.4184	-0.2619	1.804	1.497
31500	-0.5812	0.2569	0.1075	-0.9139	-0.1234	1.973	0.06778	-0.05682	1.666	1.806
31700	-0.1811	0.7659	0.02424	-1.087	-0.8165	2.503	-0.09105	0.2918	1.932	2.293
31900	0.259	0.4864	-0.4356	-1.013	-0.8738	0.8556	0.9053	-0.119	1.567	1.895
32100	0.5368	1.607	-0.2336	-0.8227	-0.3145	0.6621	0.4516	0.8198	1.981	2.579
32300	-0.222	0.8738	0.1664	-1.134	0.2676	1.107	0.04699	0.496	2.277	2.04
32500	-0.3953	1.216	0.5273	-1.208	-0.02468	2.229	-0.04335	0.3745	2.117	1.666
32700	-0.4107	1.238	0.4162	-1.429	-0.6026	1.5	-0.4569	0.06179	1.538	0.9806
32900	-0.188	2.155	0.9588	-0.8129	-0.7417	1.555	-0.3759	1.205	2.266	1.808
33100	-0.3735	1.457	1.927	-0.8573	-0.4534	2.418	-0.5121	0.9308	2.531	1.929
33300	0.247	1.657	1.222	-0.8276	-0.4038	1.386	-0.3746	1.162	2.256	2.198
33500	-0.2316	0.9908	0.3386	-1.469	-1.056	-0.03035	-0.481	-0.1069	1.289	0.6989
33700	0.1335	1.964	1.318	-1.291	-0.2635	0.3211	-0.5672	0.1375	1.898	1.442
33900	0.2189	2.285	0.7189	-1.018	-0.6913	0.3808	-0.4212	0.5183	1.809	1.44
34100	0.2448	3.246	2.743	-0.7013	-0.2538	1.014	-0.4448	0.8315	2.783	2.381
34300	1.346	2.907	1.865	-1.01	-0.1182	1.469	-0.4148	0.4423	2.963	2.976
34500	-0.146	1.083	1.843	-0.9659	-0.08552	0.3482	-0.5975	0.1396	1.863	1.429
34700	0.1021	1.463	1.074	-0.8688	-0.2532	1.052	-0.5669	0.1055	2.584	1.455
34900	0.7079	2.88	1.712	-0.5729	-0.8906	0.6263	-0.4828	0.3645	3.217	2.76
35100	0.6819	2.82	1.597	-0.7966	0.3933	0.7986	-0.4765	-0.43	3.102	2.668
35300	0.05551	1.172	1.744	-0.6307	-0.3179	0.3637	-0.5782	-0.3636	2.87	2.478
35500	0.5667	1.815	0.1444	-0.8904	-0.2195	0.4352	-0.5198	-0.5926	2.295	1.789
35700	-0.247	1.372	0.7016	-1.404	-0.6591	0.2056	-0.4896	-0.2755	2.041	1.24
35900	-0.3228	2.294	0.2934	-1.203	-0.02874	0.8653	-0.4274	0.06053	2.364	1.557
36100	0.3057	2.271	0.4556	-0.4307	-0.6225	1.425	-0.5702	0.4661	2.683	2.161
36300	0.2655	2.759	0.5404	-0.9289	-0.3159	1.842	-0.6306	0.7589	2.838	2.416
36500	-0.1344	1.621	0.4445	-0.8944	-0.02012	0.9722	-0.5354	-0.4365	2.739	2.453
36700	0.06748	2.61	0.4291	-0.6459	0.2264	1.957	-0.5216	1.117	3.149	3.367
36900	0.1276	2.771	0.05213	-0.8453	0.1469	0.8163	-0.328	0.09781	2.443	2.453
37100	0.04047	0.5615	-0.3315	-0.8322	-0.2655	0.544	-0.543	-0.1675	1.939	1.954
37300	-0.317	0.8307	0.04003	-0.7483	-0.04945	1.31	-0.5383	-0.1929	1.976	1.629
37500	-0.5075	1.08	0.2408	-1.193	-0.5742	0.7082	-0.5954	-0.3255	2.027	1.635
37700	-0.03282	0.982	0.1833	-0.8175	-0.4792	1.097	-0.5868	0.4166	2.547	1.971
37900	-0.2965	1.604	-0.1183	-0.5834	-0.1903	0.9935	-0.3914	-0.2502	2.988	2.661
38100	-0.1255	0.9024	-0.2745	-0.8863	0.3365	0.4398	-0.3319	-0.4969	2.053	2.783
38300	-0.141	1.037	-0.6973	-0.6226	-0.04251	0.8134	-0.3641	0.3826	2.447	3.681
38500	0.8905	2.005	-0.4819	-0.3594	0.4051	1.397	0.1835	1.399	2.703	4.532
38700	0.5287	2.125	-0.4874	-0.8008	0.4078	1.014	-0.4821	-0.3882	3.482	4.11
38900	0.7194	3.595	0.1275	-0.5429	0.01843	1.508	-0.4711	-0.08515	3.218	3.157
39100	0.8101	2.806	0.5258	-0.7808	-0.269	1.171	-0.5154	-0.04335	3.406	3.512
39300	-0.4922	0.9539	0.1671	-1.21	-0.5109	-0.3311	-0.6636	-0.7627	2.45	1.967
39500	0.1299	0.7439	1.732	-1.221	-0.4006	-0.6152	-0.6699	-0.7642	2.519	1.831
39700	-0.09669	0.2051	1.774	-0.9001	-0.1552	-0.7019	-0.6064	-0.7203	2.385	1.561
39900	0.1688	0.04089	-0.0597	-0.9513	-0.5143	-0.4619	-0.6216	-0.4892	1.452	0.5553
40100	0.9931	2.261	3.98	-1.082	-0.3874	-0.4915	-0.537	0.2013	3.16	2.389
40300	1.48	4.712	3.977	-0.4573	-0.321	1.249	-0.4442	1.025	4.066	3.204
40500	0.3691	2.933	1.335	-1.017	-0.5439	0.9374	-0.579	-0.1871	2.566	2.055
40700	-0.07531	1.868	1.356	-1.009	-0.8786	0.3717	-0.4692	0.4277	2.182	1.636
40900	0.3009	2.239	0.7258	-1.069	0.186	0.2482	-0.4673	-0.07647	2.112	1.321
41100	0.2961	3.139	2.204	-1.316	0.394	0.4148	-0.4581	0.9293	1.661	1.473
41300	0.2108	2.908	2.284	-1.084	-0.4538	0.7878	-0.62	1.019	2.078	1.63
41500	0.2309	3.103	1.042	-0.2573	0.04825	0.6929	-0.4644	1.887	1.976	1.624
41700	0.3825	2.821	2.089	-0.7213	-0.07155	0.7071	-0.4455	2.024	1.777	1.072
41900	0.2634	2.962	2.749	-0.8051	-0.1256	0.5613	-0.4235	2.162	1.357	1.06
42100	0.08991	2.475	0.7018	-0.6392	0.09939	0.26	-0.4098	1.772	1.436	0.6373
42300	-0.2512	1.946	0.4242	-0.7479	-0.4086	-0.46	-0.7012	1.538	0.9276	0.4253
42500	0.002815	1.979	1.637	-0.9355	-0.1686	-0.4868	-0.6593	2.633	0.3379	0.01913
42700	0.4354	1.057	1.037	-1.374	0.3796	-0.0724	-0.2488	1.585	0.07811	-0.1487
42900	0.02111	1.787	0.8593	-0.561	0.2804	0.24	-0.5039	2.871	0.4627	0.3038
43100	-0.003519	2.844	0.07709	-0.3155	-0.5726	0.5096	-0.4371	3.171	0.6673	0.6276
43300	0.6664	2.735	0.2762	-0.5496	-0.4153	0.5365	-0.4495	3.321	0.8942	0.4649
43500	-0.01021	2.083	-0.3186	-1.221	0.2923	0.4408	-0.497	2.644	0.376	0.06899
43700	-0.47	1.261	-0.1817	-0.9951	-0.4025	0.05243	-0.6207	2.3	-0.02904	-0.08899
43900	-0.1098	0.4527	-0.5712	-0.3699	0.185	-0.2178	-0.5552	1.745	-0.2492	-0.2616
44100	-0.3595	0.2207	-0.5217	-0.03323	-0.2102	0.2096	-0.4766	0.9369	-0.0311	-0.3039
44300	-0.04909	-0.1469	-0.553	-0.423	0.6005	0.429	-0.3479	2.127	0.1769	0.3068
44500	0.1606	0.1714	-0.477	0.2241	1.019	0.1951	-0.1445	2.911	0.3242	0.8641
44700	0.009678	0.09324	-0.473	0.01336	0.933	0.2674	-0.3633	1.46	0.09185	0.05705
44900	-0.1772	0.6226	-0.5595	-0.0007318	-0.01269	-0.2756	-0.1754	1.312	0.171	-0.09372
45100	0.7258	1.572	-0.7522	0.379	1.031	0.5039	0.008258	2.845	0.7856	0.7393
45300	0.4773	0.7548	-0.1996	0.144	1.061	0.5598	-0.1374	1.368	0.9171	0.9455
45500	0.07135	0.3917	-0.375	-0.7324	-0.02101	0.7875	-0.1703	1.525	0.8987	0.6
45700	-0.07302	0.09997	-0.4511	-0.6325	-0.2796	0.6368	-0.2189	1.538	0.83	1.082
45900	-0.1937	0.1915	-0.2727	-0.3707	-0.1469	0.9484	-0.515	1.639	0.8034	0.9426
46100	-0.1356	0.4246	-0.2569	-0.3547	-0.4449	1.346	-0.4483	2.174	0.7782	1.016
46300	-0.4737	1.197	-0.3932	-0.7857	-0.02557	1.463	-0.2529	1.525	1.064	0.6849
46500	0.01372	1.973	-0.006951	-0.9452	-0.02319	1.399	-0.3586	0.6347	0.8411	0.579
46700	0.3439	2.333	-0.2721	-0.6583	0.1817	2.026	-0.4552	2.391	1.105	0.9758
46900	1.593	1.686	0.8192	-0.9209	-0.5207	2.191	-0.282	2.378	1.221	0.5528
47100	3.226	0.4772	0.6685	-1.12	-0.1634	2.07	-0.4255	1.146	0.5838	0.07283
47300	5.484	-0.07943	2.13	-1.265	-0.5638	2.915	-0.4267	0.3252	0.7023	0.8125
47500	7.19	2.457	1.165	-0.8516	-0.6794	2.181	1.113	1.51	2.247	2.336
47700	2.217	2.34	0.8962	-1.183	-0.2238	0.773	2.315	1.519	2.341	2.477
47900	-0.1066	3.245	0.3038	-1.175	-0.04023	0.04194	1.895	0.1376	2.005	2.017
48100	-0.3925	2.739	0.06168	-0.7611	0.2282	0.3248	1.031	0.05361	1.36	1.771
48300	-0.07575	2.623	0.06858	-0.7405	-0.2525	0.4918	2.222	0.5675	1.992	2.277
48500	-0.174	2.038	-0.06764	-0.8573	-0.3933	-0.2056	2.075	0.5256	2.023	2.255
48700	-0.6814	1.751	-0.3103	-1.141	-0.6549	0.004835	0.5082	-0.6824	0.9092	0.6086
48900	-0.7999	1.48	-0.126	-1.268	-0.4703	0.1636	0.7344	-0.1487	0.8698	0.5686
49100	-0.7929	0.8927	-0.1829	-1.401	-0.1462	-0.1375	0.3662	0.1736	0.6481	0.5791
49300	0.03598	-0.1794	-0.4384	-0.8784	-0.541	-0.4591	2.657	0.6949	0.4287	0.573
49500	0.01355	0.2045	-0.1933	-0.7207	-0.2683	1.223	1.015	2.051	0.4684	0.3206
49700	-0.7703	-0.05529	-0.3711	-1.14	-0.3996	0.5092	0.4601	1.23	-0.07226	-0.2499
49900	-0.2328	0.2864	0.05166	-1.323	-0.1904	1.584	0.7761	1.702	-0.272	-0.3783
50100	-0.3153	-0.2789	-0.03153	-0.7969	-0.003768	1.512	0.6376	2.522	-0.155	-0.3765
50300	-0.7045	0.3108	-0.2453	-0.9296	-0.2326	1.793	0.05846	1.956	-0.1664	-0.4796
50500	-0.6334	0.1014	-0.09713	-1.131	-0.5121	2.119	-0.1034	1.405	-0.2525	-0.4618
50700	-0.5184	-0.392	0.1761	-0.9554	0.1521	1.734	0.3692	2.561	0.00067	-0.4323
50900	0.01795	-0.1459	-0.01262	-0.9254	0.6634	1.175	1.418	2.603	-0.2612	-0.2879
51100	-0.09396	0.3336	-0.02954	-1.019	-0.2722	0.7457	0.8227	2.105	-0.1592	-0.09067
51300	-0.5977	-0.2708	-0.349	-1.294	-0.1188	0.7802	0.3343	1.601	-0.1496	-0.6966
51500	0.149	1.326	0.1759	-1.25	1.42	3.003	1.419	3.753	0.8267	0.1908
51700	-0.1306	1.504	0.1571	-0.4261	0.6743	3.081	0.29	2.25	1.127	0.5242
51900	-0.2459	0.8954	0.7442	-0.3553	1.237	3.148	0.2702	2.239	1.09	0.8355
52100	-0.1127	0.5702	0.5578	-0.5713	0.4272	2.71	0.6904	2.58	0.6195	0.4886
52300	0.03546	0.3395	-0.1736	-0.9864	0.5164	3.461	0.6589	2.962	-0.06867	-0.2798
52500	-0.2138	0.3195	-0.1992	-1.213	0.01694	2.366	0.3997	2.12	-0.3481	-0.4559
52700	-0.9663	0.1179	-0.07832	-1.164	-0.1237	0.7616	-0.07324	1.111	-0.5842	-0.6246
52900	-0.6672	-0.182	0.3087	-0.9739	0.6255	2.743	0.144	3.514	-0.1558	-0.1511
53100	0.1003	0.3334	-0.096	-0.9644	-0.3674	2.861	0.7357	3.741	0.3671	-0.1375
53300	-0.5739	0.4326	-0.2292	-0.7923	-0.3241	3.088	0.509	2.036	-0.3318	-0.4093
53500	-0.135	0.5066	-0.3368	-0.9402	0.07759	1.904	0.7866	2.144	-0.3185	-0.7263
53700	-0.8893	-0.5288	0.2801	-0.6944	-0.1104	0.95	0.5701	1.138	-0.3219	-0.5345
53900	-0.8114	-0.5759	0.2258	-1.066	-0.2364	0.437	0.7074	1.99	-0.3531	-0.6097
54100	-0.05807	-0.05237	-0.5261	-1.145	-0.6052	0.1609	1.397	1.685	-0.5162	-0.5018
54300	-0.398	-0.5419	-0.4215	-0.9859	-0.5773	0.9248	0.7113	1.633	-0.4287	-0.7029
54500	-0.3693	-0.1699	-0.1275	-0.5843	0.1612	1.558	0.09369	1.795	-0.4671	-0.5464
54700	-0.2622	0.4832	-0.9493	0.08215	0.03309	2.263	0.2695	2.08	-0.2699	-0.0643
54900	-0.2136	0.6867	-0.5638	-0.1167	-0.1416	1.893	-0.2373	0.9432	-0.3124	-0.3566
55100	-0.3478	-0.6145	-0.7497	-0.4723	-0.7211	0.4599	-0.3764	-0.3225	-0.6854	-1.008
55300	-0.7803	-1.085	-0.9084	0.2672	-0.3545	-0.1545	-0.3923	-0.5935	-0.9408	-1.075
55500	0.1509	-0.08985	-0.6606	1.674	0.6353	1.089	0.0968	0.6299	-0.6529	-0.4157
55700	0.0768	-0.2848	-0.8552	1.312	0.664	-0.269	0.2802	-0.1526	-0.5923	-0.5792
55900	-0.01953	-0.4909	-0.6558	1.057	0.7601	0.3324	-0.204	0.03925	-0.6226	-0.4827
56100	0.1674	-0.01997	-0.5812	1.084	0.3164	0.303	-0.0767	0.363	-0.801	-0.4513
56300	0.3208	-0.146	-0.7583	1.068	0.2864	0.3184	-0.08983	-0.08981	-0.6659	-0.6443
56500	0.4016	-0.883	-0.602	1.052	0.08165	-0.3004	-0.5269	-0.323	-0.5966	-0.8118
56700	0.2765	-0.803	-0.7981	1.302	0.05321	-0.3117	-0.1124	0.2134	-0.6222	-0.3593
56900	0.3606	-0.6174	-0.5234	1.556	0.05668	-0.2346	0.08083	0.754	-0.6234	-0.5046
57100	-0.1567	-0.5471	-0.9295	1.331	0.2008	0.4105	-0.4136	0.6482	-0.7138	-0.5816
57300	0.05349	-1.071	-0.928	0.5784	-0.2812	-0.5307	-0.2927	-0.2497	-0.8242	-0.406
57500	0.19	-0.7634	-0.5318	0.07948	-0.03191	-0.1473	-0.5786	-0.4721	-0.7103	-0.5319
57700	0.02719	-0.8586	-0.4056	1.715	0.5671	0.6933	-0.5984	0.5341	-0.5309	-0.5612
57900	-0.7747	-1.223	-0.401	0.5369	0.1078	-0.5381	-0.492	-0.4458	-0.7381	-1.053
58100	-0.1395	-0.2447	-0.3894	0.9726	0.4964	0.3852	-0.5346	-0.2128	-0.4074	-0.516
58300	-0.137	-0.1747	-0.3485	1.275	-0.1732	-0.2409	-0.2588	-0.3393	-0.5188	-0.3718
58500	0.4535	-0.5058	-0.5626	0.6151	0.08492	-0.4362	-0.2954	0.2298	-0.6368	-0.4302
58700	0.0549	-0.546	-0.6127	2.003	0.3497	0.1628	-0.3491	0.3548	-0.668	-0.5478
58900	-0.1756	-1.06	-0.7974	0.966	-0.1706	-0.2907	-0.37	-0.1754	-0.7384	-0.5035
59100	0.2776	-0.8959	-0.6852	2.33	0.9684	-0.3631	-0.2374	-0.1189	-0.7831	-0.538
59300	-0.1364	-0.8634	-0.361	1.891	0.9204	-0.6417	-0.2723	0.2487	-0.55	-0.6407
59500	0.2051	-0.8753	-0.7439	1.741	0.3285	-0.2221	-0.3197	0.7017	-0.7324	-0.3464
59700	0.05428	-0.7204	-0.4994	2.851	1.703	0.03266	-0.2886	0.4722	-0.652	-0.4387
59900	-0.08613	-1.144	-0.7664	0.107	0.4574	-0.09438	-0.3093	-0.4827	-0.7977	-0.5705
60100	0.01223	-0.9762	-0.7585	1.18	0.2613	-0.1409	-0.3003	0.3523	-0.7758	-0.3245
60300	-0.2412	-1.077	-0.515	1.289	-0.4065	-0.2224	-0.4322	-0.3152	-0.6899	-0.6698
60500	-0.3083	-0.725	-0.4684	1.375	0.6673	0.6873	-0.3865	0.1041	-0.6899	-0.647
60700	-0.09475	-0.9371	-0.6847	1.045	-0.141	0.1518	-0.2529	0.1771	-0.542	-0.6211
60900	-0.02428	-1.088	-0.5919	1.198	0.477	0.08449	-0.3824	0.1624	-0.8044	-0.7405
61100	0.2253	-0.698	-0.4821	1.065	-0.2191	-0.181	-0.1314	0.2356	-0.6613	-0.6985
61300	-0.1306	-0.8399	-0.5303	0.8942	-0.2829	-0.6545	-0.3728	-0.5789	-0.8339	-0.7014
61500	0.2135	-0.5619	-0.5122	1.764	0.01337	-0.2488	-0.3205	0.2677	-0.6845	-0.6045
61700	0.07065	-0.9471	-0.6539	0.04852	-0.07472	0.05142	-0.2162	-0.3631	-0.5858	-0.5482
61900	0.06871	-0.9671	-0.9437	0.1609	-0.05916	-0.03408	-0.2748	-0.4368	-0.7505	-0.8304
62100	-0.3376	-0.7048	-0.6823	0.6065	0.1623	-0.08551	-0.5331	-0.3594	-0.7056	-0.6665
62300	-0.1521	-0.7554	-0.6378	0.7865	0.1377	0.3401	-0.5612	-0.1413	-0.5996	-0.6178
62500	-0.4006	-0.4709	-0.6572	1.296	-0.1847	-0.2002	-0.4438	-0.1427	-0.7165	-0.6182
62700	-0.3224	-0.7562	-0.6782	0.6577	0.07768	-0.369	-0.467	-0.1419	-0.8378	-0.5119
62900	-0.09994	-1.043	-0.3267	-0.1275	-0.1919	-0.3454	-0.5218	-0.4453	-0.8035	-0.9179
63100	-0.8819	-0.8941	0.01129	0.3426	0.1376	-0.2475	-0.4832	-0.06627	-0.6873	-0.5624
63300	-0.3437	-0.8202	-0.3301	0.3288	0.644	0.5845	-0.5028	0.3923	-0.6617	-0.5345
63500	0.2226	-0.755	-0.7087	0.6403	-0.1042	-0.4724	-0.2565	0.001101	-0.774	-0.7439
63700	-0.2733	-0.8439	-0.6039	0.6764	-0.09761	-0.2331	-0.2054	-0.1071	-0.6177	-0.8544
63900	-0.4234	-1.281	-1.029	-0.05174	-0.2815	-0.4192	-0.4669	-0.7968	-0.7802	-0.7614
64100	-0.4378	-1.059	-0.3846	0.145	-0.1305	0.2408	-0.5955	-0.763	-0.5042	-0.8999
64300	-0.6631	-0.7653	-0.3576	0.09716	-0.3463	-0.121	-0.3812	-0.2879	-0.7334	-0.713
64500	-0.7657	-0.8992	-0.7108	-0.04114	-0.3436	-0.3481	-0.5043	-0.4238	-0.7076	-0.6811
64700	-0.2992	-1.058	-0.6233	-0.6607	-0.4143	0.4368	-0.5433	-0.1837	-0.8116	-0.6702
64900	-0.3042	-0.5335	-0.3499	0.2009	-0.468	-0.2127	-0.4803	-0.4507	-0.6941	-0.7877
65100	-0.3165	0.6236	-0.329	-0.8112	-0.5344	0.258	-0.4194	-0.577	-0.4817	-0.6501
65300	0.4005	1.821	-0.4437	-0.5257	0.5876	0.6893	-0.4243	0.7421	0.002121	-0.383
65500	1.068	3.347	0.4807	0.5648	1.431	1.902	-0.4771	3.395	0.9879	0.9214
65700	0.3692	2.273	-0.2424	0.4216	0.5718	1.064	-0.4525	1.717	0.7808	0.72
65900	-0.2397	1.493	-0.2984	0.129	0.1039	0.4282	-0.318	0.5204	0.2044	0.2362
66100	0.1133	1.26	-0.4652	0.5014	0.8352	0.557	-0.2441	1.066	0.7009	0.7689
66300	0.03968	0.5072	-0.6452	0.8348	1.759	0.3718	-0.103	1.265	0.6777	0.9761
66500	-0.1664	-0.1043	-0.8394	0.1212	3.095	0.2683	-0.1219	1.155	0.5811	1.032
66700	-0.2707	-0.691	-0.9051	-0.1266	2.231	-0.293	-0.354	0.377	0.1639	0.7322
66900	-0.04329	-0.3673	-0.7281	0.1902	1.91	-0.1099	-0.283	0.7044	0.1725	0.3955
67100	0.3546	-0.5358	-0.5722	0.948	2.865	1.142	0.008476	1.988	0.373	0.8994
67300	-0.1207	-0.145	-0.7225	1.046	1.852	0.4514	-0.05744	1.504	0.1775	0.6229
67500	0.007566	0.634	-0.5688	1.49	3.023	1.267	-0.3152	2.034	0.4416	0.7679
67700	0.08472	0.9196	-0.1323	0.6948	2.331	1.568	-0.3765	2.972	0.8078	0.9213
67900	-0.1453	1.423	-0.3571	-0.4766	0.9183	1.024	-0.2727	2.061	0.7739	0.8674
68100	-0.4923	1.054	-0.03427	0.5346	0.5848	0.7867	-0.1099	2.409	0.8235	0.7846
68300	0.1508	-0.0694	-0.5179	-0.03199	0.1396	0.5474	0.03553	0.8971	0.324	0.3071
68500	0.01267	-0.1075	-0.4514	-0.4375	-0.04539	0.7986	-0.236	0.5014	0.2655	-0.00451
68700	0.03414	0.578	-0.1206	-0.08886	0.1024	1.358	-0.267	3.458	0.8804	0.4826
68900	0.3635	1.22	0.5604	-0.2359	0.2787	1.755	-0.2663	2.648	0.7381	0.4156
69100	-0.02956	1.589	-0.102	-0.1688	0.07223	2.011	-0.4368	2.037	1.015	0.7134
69300	-0.3421	1.739	0.1025	-0.34	0.1883	1.828	-0.6095	1.229	0.784	0.885
69500	-0.3966	1.741	0.9159	-1.083	-0.6129	0.6978	-0.5841	-0.03516	0.6473	0.6712
69700	-0.2929	1.498	1.395	-1.019	-0.4028	0.4459	-0.5933	0.2191	1.232	0.8491
69900	0.1311	1.904	1.493	-1.077	-0.7495	-0.04669	-0.4366	0.07842	1.324	0.9462
70100	0.5561	0.141	-0.619	-0.9994	-0.3649	-0.6658	-0.5647	-1.224	0.7214	-0.002186
70300	3.136	0.5141	2.936	-1.154	-0.3861	0.1648	-0.6203	-0.4862	2.438	2.354
70500	2.383	1.518	2.368	-1.274	-0.4954	1.662	-0.4842	-0.931	2.621	3.442
70700	0.3896	2.265	1.61	-1.281	-0.2313	2.533	-0.5761	-0.6582	2.525	3.238
70900	-0.1122	2.582	1.612	-0.8713	-0.04004	3.122	-0.5266	-0.8208	2.778	3.464
71100	-0.1934	1.661	0.3611	-0.7726	-0.02596	2.747	-0.4267	-0.9741	2.503	2.218
71300	0.4263	1.839	0.2015	-1.082	-0.125	2.475	-0.3665	-1.078	2.625	2.336
71500	0.3658	1.955	0.7079	-0.9432	-0.2291	2.346	-0.2768	-1.062	2.573	2.622
71700	-0.3501	0.6083	0.4672	-1.236	-0.8153	1.457	-0.3218	-1.515	1.461	1.095
71900	-0.1121	1.377	0.2592	-1.046	0.01575	1.777	0.1836	-0.9122	2.778	2.421
72100	-0.1798	1.205	0.7584	-0.7973	-0.6044	1.233	0.6806	-1.106	2.173	2.177
72300	-0.2276	1.661	1.515	-1.327	0.4592	1.615	0.8905	-0.8831	2.918	3.723
72500	-0.2761	1.531	0.5961	-0.7695	-0.0111	0.4164	1.433	-0.7116	2.878	3.348
72700	0.3151	0.6407	-0.127	-1.207	-0.4237	-0.2519	3.548	-1.098	2.062	2.764
72900	0.53	1.537	0.02727	-0.5905	-0.2086	0.02984	3.023	-0.7659	3.098	3.228
73100	-0.2135	1.166	0.4236	-0.9941	-0.1257	0.4001	2.314	-0.7603	3.283	3.409
73300	-0.9076	1.013	0.7452	-1.155	-0.1498	0.03297	1.438	-0.9869	1.93	2.747
73500	-0.7987	1.11	0.6115	-1.507	-0.5394	-0.108	0.7111	-1.361	2.14	1.649
73700	0.1148	0.9976	-0.07898	-1.42	-0.03637	-0.05808	3.729	-0.8908	3.165	2.753
73900	-0.1818	0.4987	0.1922	-1.224	-0.3784	0.1368	1.117	-0.7732	1.757	1.887
74100	-0.8638	0.9988	0.505	-1.272	-0.6362	0.3257	0.5633	-0.9811	1.689	2.094
74300	-0.2887	0.9888	-0.1272	-0.9445	0.3345	0.5548	0.4239	-0.7003	2.38	2.081
74500	-0.3053	1.615	-0.04524	-1.049	-0.4351	0.9347	0.1796	-1.218	2.204	1.653
74700	-0.04777	3.074	0.2609	-1.015	-0.003768	0.5634	1.925	-0.7126	2.508	2.467
74900	-0.7534	0.6438	-0.4425	-1.183	-0.691	0.3947	1.04	-1.206	1.903	1.99
75100	-0.8114	-0.5111	-0.1784	-1.38	-0.7489	-0.6498	0.9002	-1.726	0.8382	0.849
75300	-0.2788	0.5412	-0.3617	-1.266	-0.5401	-0.2308	2.567	-1.086	2.06	2.564
75500	-0.7057	0.3867	-0.09865	-1.114	-0.5043	-0.7944	1.342	-1.241	2.17	1.943
75700	-1.047	-0.1629	0.1742	-1.229	-0.5557	-0.2413	1.087	-1.469	1.646	1.538
75900	-0.6594	0.3125	0.2094	-1.181	-0.5017	-0.4187	1.268	-1.253	1.803	1.518
76100	-0.2528	-0.08096	0.06508	-1.277	-0.3063	-0.6818	1.655	-1.097	1.63	1.713
76300	-0.2374	0.1662	0.1053	-1.396	-0.1493	0.1052	1.584	-1.111	2.185	2.443
76500	-0.77	-0.5098	-0.1249	-1.367	-0.2269	0.2236	0.3104	-1.219	1.769	1.615
76700	-0.7005	-0.5792	0.3352	-1.387	-0.2475	-0.0112	0.6655	-1.071	1.533	1.702
76900	-0.2133	0.6386	0.3974	-1.206	-0.2748	0.5515	2.048	-0.5357	2.46	2.608
77100	-0.1654	0.9209	-0.2506	-1.377	0.07709	0.6927	2.07	-0.6913	2.135	1.696
77300	-0.8346	-0.3187	0.2051	-1.578	-0.003174	-0.1753	0.2933	-1.249	1.338	1.181
77500	-0.9602	0.4786	0.5068	-1.194	-0.003669	-0.03398	0.31	-1.254	1.866	1.606
77700	-0.8464	0.9184	0.6461	-1.261	-0.3376	0.3558	0.8738	-0.5455	2.127	2.43
77900	-0.3044	1.223	-0.3266	-0.8058	-0.2479	1.789	0.8842	-0.7839	2.124	2.017
78100	-0.326	1.515	-0.02746	-0.6517	-0.3026	2.948	0.409	-0.7899	2.669	2.038
78300	-0.807	0.287	-0.0563	-1.217	-0.6299	2.157	-0.2698	-0.7629	1.334	0.5569
78500	-0.9656	-0.421	-0.3745	-1.351	-0.4071	1.606	-0.3773	-0.6469	0.704	0.006951
78700	-0.6687	-0.08159	-0.2192	-1.228	-0.6567	1.886	-0.2152	0.08496	1.925	1.283
78900	-1.113	-0.07765	0.02982	-0.8375	-0.313	1.573	-0.5495	-0.8594	0.5131	0.5208
79100	-0.8207	0.1474	0.1287	-0.9745	0.3512	1.784	-0.1873	-0.1914	1.41	0.9377
79300	-0.3945	0.5613	0.002313	-0.5184	0.1795	1.682	0.6916	0.4414	1.696	1.366
79500	-0.8446	0.3114	0.02491	-0.9758	-0.313	0.7273	1.009	-0.03479	1.478	1.395
79700	-0.9697	1.015	0.9997	-1.289	-0.3117	0.9055	1.329	0.9	1.476	1.38
79900	-1.092	0.1054	0.2267	-1.603	-0.7635	0.08973	0.562	1.078	0.5703	0.4323
80100	-0.9773	-0.08032	0.2891	-1.26	-0.3864	0.183	0.41	0.5708	0.5937	0.2111
80300	-0.5283	-0.4624	0.2995	-1.051	-0.008921	0.4199	0.7627	0.8352	0.3697	0.001822
80500	-0.4198	0.4001	0.2153	-0.8847	-0.03498	1.427	0.2762	1.746	0.5546	0.3046
80700	-0.6784	-0.2675	0.2567	-1.36	-0.02606	1.912	-0.2301	0.4647	-0.1052	-0.3298
80900	-0.5647	0.386	0.04844	-1.313	-0.01705	3.192	0.5206	2.063	0.1634	-0.3811
81100	-0.8253	0.2683	0.352	-1.191	-0.6116	1.677	0.1678	1.316	-0.03041	-0.3521
81300	-0.7402	0.5468	0.1823	-0.3776	0.06698	0.5039	1.697	1.511	0.2024	-0.2005
81500	-0.9656	0.7834	0.6846	-1.03	-0.4024	0.384	0.6071	0.8839	0.04069	-0.2466
81700	-0.9435	1.073	-0.00629	-1.389	-0.2066	-0.1466	0.5679	0.8461	0.1581	0.04903
81900	0.1135	1.21	0.2576	-1.082	-0.4492	0.2602	2.656	1.862	1.29	1.02
82100	-0.005015	0.5496	-0.1885	-0.748	-0.6931	-0.5156	2.923	0.3262	0.8725	0.9076
82300	-0.5585	-0.3253	-0.1625	-1.025	-0.5958	-0.26	1.379	-0.0747	0.1548	0.05905
82500	-0.7113	-0.4369	-0.1946	-1.125	-0.6897	-0.5004	0.4881	0.08219	0.7288	0.2375
82700	-0.8446	-0.6334	0.09921	-1.204	-0.711	-0.2481	0.4763	-0.6748	0.4334	-0.01934
82900	-0.7755	-0.506	-0.2594	-1.261	-0.6877	-0.9656	0.2076	-0.2812	0.03404	-0.3221
83100	-0.688	-0.779	-0.2864	-1.441	-0.7726	-0.3008	1.011	-0.0703	0.3614	-0.02655
83300	0.2507	-0.09239	-0.1204	-0.7518	-0.2651	0.2951	2.306	0.351	0.7023	0.6263
83500	-0.6854	-1.085	-0.8017	-1.349	-0.4569	-0.02945	1.539	-0.4376	0.3771	-0.05701
83700	-0.858	-0.263	-0.3289	-1.152	-0.3388	0.2242	0.931	-0.08075	0.5781	0.4732
83900	-0.5294	0.04483	-0.1767	-1.256	-0.2085	0.7732	0.4965	0.7454	0.7329	0.2969
84100	-0.5502	-0.5814	-0.5257	-1.285	-0.3992	-0.3097	0.55	-0.5329	0.05222	-0.3758
84300	0.4052	0.01052	-0.5743	-1.514	-0.5456	-0.2354	2.897	0.5319	0.72	0.4638
84500	-0.03238	-0.4084	-0.5012	-1.094	-0.565	-0.05496	2.637	0.3509	0.8742	0.6742
84700	-0.1948	0.03517	-0.2888	-0.8541	-0.3566	-0.1644	1.733	0.2299	0.6412	0.8165
84900	-0.2214	-0.1309	-0.2624	-1.225	0.01754	-0.1709	2.957	0.5074	1.209	1.412
85100	0.185	-0.4794	-0.7467	-1.301	-0.2799	0.4376	3.241	1.088	1.42	1.169
85300	0.2038	-0.2971	-0.6783	-1.243	-0.5034	0.3952	2.456	0.2781	1.359	1.127
85500	-0.06	0.3203	-0.4367	-1.139	-0.01288	0.7321	1.688	0.3971	1.155	1.483
85700	-0.3647	0.3697	0.2346	-1.446	-0.1951	1.465	0.8439	-0.2208	1.635	1.329
85900	-0.3566	0.5274	0.1807	-1.577	-0.3711	1.603	0.8007	-0.4858	1.473	1.369
86100	0.1496	2.034	0.1285	-1.033	-0.4294	2.501	0.1158	-0.099	1.56	1.619
86300	-0.09167	3.306	0.938	-0.8177	-0.2555	2.405	-0.3871	0.2315	1.654	1.17
86500	-0.07628	2.16	0.1046	-0.7463	-0.3445	1.176	-0.1024	0.637	1.026	0.383
86700	-0.2849	1.39	-0.1544	-1.371	-0.4814	2.075	-0.1802	0.2322	0.5793	0.3354
86900	-0.5895	0.4852	-0.3543	-1.206	-0.2261	0.6547	-0.1671	0.1217	0.516	0.1809
87100	-0.1873	0.6945	-0.04164	-1.116	-0.4501	1.115	1.832	2.056	0.9886	0.7917
87300	-0.9726	-0.2478	-0.2765	-1.08	-0.2953	-0.6763	0.5018	0.05185	0.148	-0.2696
87500	-0.6991	-0.5404	-0.258	-1.142	-0.2574	-0.1794	0.8716	0.7326	0.1994	-0.1679
87700	-0.009326	0.7419	-0.2166	-1.005	-0.1641	1.257	1.244	1.464	0.5973	0.618
87900	-0.722	0.6555	-0.3089	-1.026	0.09651	0.9527	0.4934	1.09	0.9478	0.1514
88100	-0.4907	1.486	-0.01319	-1.256	-0.3473	1.226	0.7067	1.304	0.6698	0.1122
88300	0.1226	1.729	-0.255	-0.9679	0.2544	1.155	2.061	2.75	0.9864	0.9733
88500	-0.08516	0.8761	0.03455	-0.8525	0.05113	0.8811	2.788	2.852	0.7653	0.8585
88700	-0.2833	0.8458	-0.2887	-1.099	-0.4039	1.001	1.085	0.729	0.4146	0.01264
88900	-0.621	0.5541	0.09164	-0.9927	-0.8265	1.58	0.5565	0.3889	0.3657	0.01913
89100	-0.2111	1.154	-0.2459	-1.362	-0.196	1.162	0.1894	0.449	0.05649	-0.2439
89300	-0.5629	0.8821	-0.4779	-1.159	-0.5748	0.5919	0.3117	0.5257	-0.05179	-0.1575
89500	-0.5015	0.9252	0.1356	-1.062	-0.3222	0.1987	1.55	2.293	0.2647	0.3361
89700	-0.8792	-0.7183	-0.3496	-1.473	-0.692	-0.6484	-0.2696	0.1406	-0.3248	-0.5948
89900	-0.8269	-0.8448	-0.4383	-0.9883	-1.086	-0.6114	0.1894	0.4412	-0.3218	-0.5509
90100	-0.6446	-0.4125	-0.5531	-1.243	-0.4893	0.3655	1.318	1.323	0.06879	0.01633
90300	-1.001	-0.5786	-0.2428	-1.487	-0.4493	0.2295	0.5663	0.3494	-0.3177	-0.6502
90500	-0.01601	2.087	-0.4565	-1.129	-0.4168	1.818	2.653	3.725	0.824	0.5569
90700	-0.6354	0.371	-0.06376	-1.088	-0.4185	0.5172	0.6965	2.483	0.001205	-0.2553
90900	-1.027	0.2646	0.5044	-0.7504	0.2054	1.621	-0.3274	1.547	-0.2935	-0.5495
91100	-0.7442	0.5137	0.02122	-1.071	0.5921	2.094	-0.2973	1.057	-0.3351	-0.5664
91300	-0.6532	1.217	-0.1261	-1.276	-0.2601	1.692	-0.1582	1.436	-0.6046	-0.3889
91500	0.2858	1.408	0.01366	-1.037	-0.4673	1.829	1.06	2.657	0.1082	-0.01629
91700	0.04329	1.988	0.04788	-0.9577	-0.6663	1.369	0.661	2.772	0.3384	-0.1689
91900	-0.3043	1.534	0.2111	-0.8858	-0.4569	2.422	-0.2093	0.8809	-0.186	-0.5792
92100	-0.3829	1.199	0.1396	-0.8302	-0.07264	4.343	-0.2049	0.844	-0.2558	-0.474
92300	0.4219	1.928	0.3515	-1.153	-0.01655	2.931	0.1777	2.998	0.3635	0.004306
92500	0.396	2.273	0.8283	-0.9243	0.6131	2.568	1.024	2.847	0.1563	0.2449
92700	-0.2396	-0.1225	0.4907	-1.399	-0.3368	0.9891	0.3156	2.142	-0.4536	-0.5737
92900	-0.07329	0.7176	0.4471	-0.9555	-0.1501	1.3	0.3115	1.361	-0.3169	-0.4442
93100	0.5734	0.2372	1.825	-0.7561	0.4901	2.288	0.5457	1.957	-0.1697	-0.5198
93300	2.105	0.1551	1.644	-0.287	-0.01824	1.389	1.687	2.739	0.009299	0.02779
93500	1.701	-0.06076	0.7428	-1.128	0.007925	0.8365	1.664	2.815	-0.066	-0.03697
93700	1.001	0.1707	-0.2391	-1.39	0.3561	1.274	3.129	1.928	-0.2651	-0.1628
93900	0.9875	-0.6506	-0.1252	-1.31	-0.08423	1.065	2.643	1.312	-0.3791	0.1346
94100	-0.05939	0.1131	0.1716	-1.095	-0.1785	0.7627	2.534	2.44	-0.2349	-0.2215
94300	-0.1581	-0.2055	-0.3247	-0.862	-0.2089	1.139	2.24	2.68	-0.423	0.03428
94500	0.9239	0.1471	-0.1109	-0.4776	-0.1927	1.188	3.376	3.186	-0.08746	0.04711
94700	-0.1942	0.6233	0.2311	-0.7486	-0.1932	1.85	1.194	1.744	-0.341	-0.3843
94900	-0.2147	0.5744	0.04665	-0.9618	-0.5635	1.615	0.3254	1.204	-0.2237	-0.3515
95100	0.002903	1.495	-0.1573	-0.9033	-0.4221	1.237	0.3496	1.822	-0.2708	-0.3383
95300	-0.2514	1.847	0.5166	-0.3526	-0.03954	3.486	-0.2257	3.119	-0.002079	-0.2633
95500	-0.6316	1.399	0.3604	-1.324	-0.4988	4.148	-0.5136	1.333	-0.2742	-0.5438
95700	-0.8589	1.785	0.5849	-0.8939	0.1129	5.541	-0.4399	1.146	-0.2764	-0.5801
95900	-0.5498	2.728	1.062	-0.4139	-0.324	4.245	-0.6141	1.16	-0.1618	-0.4771
96100	-0.04848	1.301	0.6137	-1.279	-0.1348	4.143	-0.4019	0.7037	0.08177	-0.7453
96300	0.9029	2.333	2.362	-1.201	-0.2893	3.814	-0.3044	1.865	0.2721	-0.11
96500	1.181	3.477	2.063	-1.019	0.001682	5.077	0.01697	2.743	1.068	0.4909
96700	0.5396	3.548	1.409	-1.105	-0.3133	3.557	1.063	2.324	1.263	0.9001
96900	-0.05859	1.944	0.2613	-1.524	-0.4667	0.7496	2.727	0.6189	0.7332	0.7939
97100	-0.9463	0.5548	0.162	-1.368	-0.3472	-0.3558	0.4059	-0.5832	0.6511	0.1382
97300	-0.5541	1.301	0.2908	-1.301	-0.3329	0.1323	1.066	0.4043	0.6589	1.072
97500	-0.4234	1.099	-0.09808	-1.108	-0.4439	-0.09781	0.8091	-0.4634	0.7214	0.5273
97700	0.08833	0.8576	0.07633	-1.153	0.237	-0.2398	2.309	0.8344	1.478	1.342
97900	0.02824	0.8363	0.4848	-1.086	-0.04965	0.2764	2.255	1.306	1.163	1.345
98100	-0.3217	1.057	0.3755	-1.235	-0.7163	0.8648	0.8657	0.8824	1.101	0.7723
98300	-0.02701	0.3714	-0.1883	-1.042	-0.1662	0.05747	2.353	-0.01489	1.154	0.6305
98500	0.04487	0.9067	-0.1014	-1.093	-0.03786	0.6416	4.308	1.518	1.382	1.369
98700	0.2248	-0.08744	-0.671	-0.9095	-0.4581	-0.4633	4.436	0.7707	0.9484	1.208
98900	-0.1968	-0.291	-0.9964	-1.075	-0.02289	-0.6194	4.937	0.7197	0.9215	1.428
99100	-0.2884	-0.3089	-0.7034	-1.385	0.1525	-0.6283	2.415	0.5403	1.2	1.113
99300	-0.426	-0.3243	-0.1902	-0.8861	-0.3798	-0.1639	1.36	-0.2709	0.9781	0.4503
99500	-0.3616	0.4565	0.03275	-1.453	-0.8372	-0.1479	1.24	-0.008595	1.351	0.7935
99700	0.0812	0.4424	0.03748	-0.9681	-0.2174	0.972	2.574	1.065	1.562	1.29
99900	-0.6046	-0.109	-0.4565	-1.495	-0.2913	-0.1791	0.5463	-0.1498	0.396	0.2254
100100	-0.3159	1.41	-0.1434	-1.054	-0.01774	0.8322	0.9724	1.211	0.9051	0.4464
100300	0.4812	0.5218	-0.7082	-1.038	-0.7788	-0.3048	4.115	1.155	0.8523	0.5038
100500	0.1823	0.5463	-0.1857	-0.7443	0.01466	0.2098	3.581	1.294	0.9487	1.229
100700	-0.23	0.7692	-0.3089	-0.8054	-0.3737	0.47	1.655	0.9525	1.069	0.6252
100900	-0.8265	0.7264	-0.03049	-1.246	-0.7198	-0.07512	0.4182	0.04303	0.176	0.09808
101100	-0.9525	-0.7094	-0.4022	-1.068	-0.9261	0.08167	-0.1915	-0.697	-0.09379	-0.6338
101300	-0.8535	0.14	0.1853	-0.831	-0.2421	-0.1416	-0.00054	-0.7339	0.06436	-0.422
101500	-0.1364	0.2781	-0.2425	-0.9232	-0.1674	-0.5564	3.565	0.4481	0.8789	0.8618
101700	0.1755	0.3014	-0.4417	-1.194	-0.199	-0.1252	3.541	0.6041	0.9997	1.25
101900	-0.1394	0.1678	-0.2484	-1.374	-0.5316	0.7674	1.087	0.2279	0.8542	0.4648
102100	-0.7057	-0.04729	-0.4789	-1.32	-0.316	0.09064	0.6517	0.5218	0.9722	0.2484
102300	-0.8431	-0.2924	-0.4934	-0.9912	-0.5355	0.0739	0.1999	-0.7748	0.3939	0.3154
102500	-0.01892	0.308	0.003069	-0.916	-0.1927	0.1809	2.496	0.03422	1.613	1.385
102700	-0.06554	-0.2718	-0.643	-1.331	-0.2078	-0.5091	4.18	-0.1655	1.007	1.222
102900	-0.08076	-0.654	-1.014	-1.326	-0.6107	-0.181	2.962	-0.3277	0.7548	1.509
103100	0.2986	0.2833	-0.9603	-1.096	-0.1943	-0.1624	3.336	0.2523	1.455	1.563
103300	-0.02235	0.006967	-0.6348	-1.192	-0.2491	-0.2595	2.159	-0.1379	1.097	1.113
103500	0.01416	0.5688	-0.2458	-1.299	-0.4867	0.2026	1.334	-0.2637	1.367	1.602
103700	-0.6063	0.7789	0.009497	-1.262	-0.4366	0.0609	0.3888	-0.7689	1.117	0.7608
103900	-0.9553	1.051	0.569	-1.425	-0.7458	0.318	0.1056	-1.042	1.176	0.6272
104100	-0.844	0.8717	-0.2032	-1.364	-0.4941	0.03791	-0.03131	-1.177	0.5901	0.5072
104300	-0.8711	0.3059	-0.483	-1.507	-0.5615	-0.2012	0.2033	-0.7291	1.169	0.591
104500	0.292	1.706	-0.09231	-0.9517	-0.7973	0.6411	2.577	-0.3084	2.473	2.382
104700	0.04241	0.8087	0.02982	-1.044	-0.6303	0.319	1.764	-0.1469	2.333	2.123
104900	-0.09097	0.7559	-0.3708	-0.369	-0.8196	1.682	0.1448	-0.9228	1.838	1.299
105100	-0.2992	0.8016	-0.1288	-1.409	-0.3555	0.5311	0.727	-0.7282	1.509	1.361
105300	-0.6777	0.7364	-0.2698	-1.239	0.182	-0.1566	1.277	-0.4789	2.061	1.588
105500	0.07161	0.6922	-0.4554	-1.419	-0.2317	-0.6278	4.133	-0.5888	2.608	2.559
105700	-0.6855	0.8123	0.05412	-1.279	-0.4909	0.4827	1.456	-0.354	2.49	2.016
105900	-0.5341	1.544	0.5706	-0.4865	-0.2505	0.09114	1.065	-0.4496	2.464	2.237
106100	0.4554	0.8045	-0.4995	-1.173	-0.2146	-0.2185	3.951	0.08232	2.01	2.427
106300	-0.06018	1.011	-0.05195	-1.058	0.1461	0.1578	3.416	-0.3326	2.317	2.454
106500	-0.8703	0.9968	0.2234	-1.237	-0.4876	-0.2662	1.024	-0.6994	1.568	1.305
106700	0.3002	2.11	0.1681	-1.13	-0.3515	0.5854	2.309	0.2227	2.732	2.347
106900	-0.2811	1.104	0.1158	-0.7405	-0.3776	1.301	0.8706	-0.6077	2.058	1.942
107100	0.3503	2.457	0.7517	-1.256	-0.1943	1.533	1.556	-0.2384	3.172	3.44
107300	0.3092	2.406	0.6657	-1.186	-0.06461	1.228	2.854	-0.3963	3.134	3.167
107500	-0.07232	1.632	-0.06868	-0.9419	-0.3442	0.7508	3.109	-0.9021	2.449	2.285
107700	0.7697	2.867	0.1307	-0.9281	-0.2226	0.07945	3.658	-0.3734	2.584	2.938
107900	3.183	3.696	2.156	-1.158	0.002177	1.665	3.081	0.5118	3.147	4.618
108100	3.007	3.235	6.188	-1.035	-0.4626	1.716	0.3588	0.3552	3.516	3.748
108300	1.127	1.189	1.941	-1.112	-0.2576	0.4483	-0.4567	-0.8269	1.305	0.5822
108500	0.7633	1.813	2.555	-1.131	-0.4243	0.9358	-0.4666	-0.3676	1.645	0.9271
108700	0.6422	0.6799	1.247	-1.158	-0.256	0.5308	-0.3378	-0.2549	1.496	0.5848
108900	2.537	0.8007	1.828	-0.9142	-0.212	0.5065	-0.2482	-0.7912	1.995	1.302
109100	1.975	-0.03458	0.5355	-1.074	-1.088	-0.0848	0.7119	-1.077	1.566	1.024
109300	4.827	0.7885	0.5272	-1.204	-0.5909	0.03397	2.541	-1.016	2.335	2.829
109500	4.499	0.5432	0.5286	-1.234	-0.4679	-0.1905	3.411	-0.6578	2.285	2.747
109700	5.775	-0.1727	0.5046	-1.291	-0.6722	-0.5583	4.704	-0.7276	1.978	3.289
109900	7.41	-0.6337	2.536	-1.039	-0.489	0.1627	2.187	-1.134	2.588	3.307
110100	9.069	-0.6474	3.679	-1.117	-0.745	0.9999	0.1634	-1.088	2.724	3.097
110300	8.295	-1.159	5.848	-1.248	-0.9261	0.9927	-0.5071	-1.48	2.087	2.526
110500	9.853	-1.237	9.43	-1.178	-0.7374	0.7283	-0.4605	-1.401	2.527	2.594
110700	6.41	-0.823	3.031	-1.046	-0.5855	0.007457	-0.5387	-1.376	1.112	0.6647
110900	5.658	-1.28	7.647	-1.1	-0.9244	0.8827	-0.645	-1.43	1.238	1.153
111100	8.811	-0.983	8.787	-1.288	-0.519	1.303	0.5453	-1.18	2.815	2.904
111300	10.99	0.1746	5.4	-1.069	-0.3019	0.5649	3.103	-1.046	3.136	3.66
111500	7.323	-0.4696	3.009	-1.05	-0.3184	-0.3965	2.635	-1.009	2.076	2.946
111700	6.802	-0.05555	0.998	-1.224	-0.8659	-0.7148	4.56	-0.8354	2.121	3.109
111900	5.761	-0.1319	1.107	-1.088	-0.6869	-0.7014	4.992	-1.099	1.613	2.493
112100	5.481	0.9445	1.066	-1.074	-0.6614	-0.4103	3.819	-1.029	1.877	2.936
112300	2.926	0.441	0.3645	-1.257	-0.9952	-0.4801	2.58	-0.8983	0.9226	1.4
112500	2.339	1.994	0.4687	-1.307	-0.1987	0.6986	2.285	0.6221	1.33	1.578
112700	1.593	3.12	0.5111	-0.9523	-0.0876	2.51	0.6042	1.649	1.771	0.9925
112900	0.24	2.703	0.6688	-0.9706	-0.1918	3.849	-0.1118	1.736	0.598	-0.2072
113100	-0.3597	3.438	1.878	-1.26	-0.5914	6.271	-0.5347	2.658	0.007696	0.1109
113300	1.124	2.637	0.8132	-0.5921	-0.2441	4.575	0.01832	2.354	-0.1657	-0.219
113500	0.8556	1.726	-0.2434	-0.7245	-0.1318	5.706	0.02436	1.658	-0.1968	-0.1865
113700	-0.323	1.11	0.0164	-0.9945	-0.04023	2.871	-0.4123	1.081	-0.2571	-0.7684
113900	-0.2049	1.628	0.4434	-0.305	0.5359	4.54	-0.4829	1.128	-0.412	-0.7335
114100	0.2303	2.234	0.2229	-0.7196	1.119	4.132	-0.3008	1.475	-0.2791	-0.2739
114300	0.6412	3.379	0.1101	-0.4712	1.416	3.936	-0.158	2.52	-0.2187	-0.2555
114500	-0.3875	2.042	0.3244	-1.019	1.206	3.578	-0.3567	1.179	-0.48	-0.7582
114700	0.04399	2.244	0.475	-0.9355	1.318	3.178	-0.4453	1.212	-0.4295	-0.5467
114900	0.4186	1.766	0.3283	-0.8115	1.586	2.677	-0.4117	1.408	-0.249	-0.3213
115100	0.03361	0.3842	-0.4945	0.01706	1.118	1.73	-0.2744	0.1375	-0.4084	-0.3888
115300	-0.3026	0.2907	-0.08456	-0.4425	0.06213	0.7417	-0.4698	0.2712	-0.4898	-0.4122
115500	-0.6492	0.112	-0.5712	-0.04618	0.2	0.298	-0.603	-0.1836	-0.4341	-0.7299
115700	0.07355	0.1523	-0.4494	0.3068	0.4846	1.052	-0.4071	0.1347	-0.4368	-0.6306
115900	-0.197	0.2991	-0.5889	0.1268	0.1783	0.1059	-0.3277	0.02389	-0.6226	-0.7548
116100	-0.4013	-0.3483	-0.2615	-0.1161	0.4553	0.385	-0.3676	-0.4319	-0.6454	-0.9713
116300	-0.4237	-0.3973	-0.1939	0.6408	0.3131	0.08207	-0.5585	-0.3558	-0.6159	-0.8586
116500	0.3776	0.1369	-0.6067	1.36	0.3405	-0.03963	-0.2365	1.001	-0.7022	-0.249
116700	0.4212	-0.2352	-0.9682	1.616	0.9181	0.2879	-0.2951	0.4346	-0.5634	-0.5684
116900	0.2352	-0.1608	-0.4176	2.596	1.251	0.283	-0.235	0.9617	-0.4914	-0.1999
117100	0.2651	-0.5972	-0.6669	1.229	1.308	0.2711	-0.2919	0.9247	-0.5656	-0.182
117300	0.5246	-0.6009	-1.022	1.977	0.7315	0.5802	-0.1084	1.544	-0.5886	-0.3013
117500	-0.486	-0.7544	-0.6432	-0.1811	-0.1802	-0.2289	-0.5068	-0.8108	-0.8925	-0.8349
117700	-0.3567	-0.1163	-0.3226	0.4148	-0.07402	0.3614	-0.5054	-0.5975	-0.6255	-0.8056
117900	-0.4203	-0.6117	-0.6811	0.2814	-0.4813	-0.3392	-0.459	-0.6435	-0.8798	-0.9428
118100	-0.4804	-1.207	-0.7365	0.5197	-0.04568	-0.1588	-0.5368	-0.8548	-0.8395	-0.6101
118300	-0.2333	-0.8165	-0.1477	1.388	-0.02943	-0.004139	-0.4444	-0.1438	-0.7334	-0.7908
118500	0.03836	-0.8396	-0.3702	1.252	-0.03122	0.1529	-0.07832	-0.2033	-0.6476	-0.5415
118700	0.2902	-0.3663	-0.4494	1.37	0.9331	0.02682	-0.1662	0.2754	-0.3547	-0.6683
118900	-0.09695	-1.05	-0.6343	0.3189	-0.2046	-0.2904	-0.4722	-0.2578	-0.7915	-0.5485
119100	-0.4037	-0.773	-0.4432	0.9217	-0.3214	-0.505	-0.4663	-0.3822	-0.7699	-0.8128
119300	-0.6402	-0.4942	-0.2107	0.3171	-0.07006	-0.8768	-0.6462	-0.422	-0.8081	-0.6948
119500	0.001848	-0.5597	-0.3329	2.247	-0.009416	-0.3898	-0.3388	-0.09498	-0.7446	-0.5922
119700	0.2345	-1.11	-0.9319	1.819	0.2487	0.1944	-0.1539	0.3753	-0.7486	-0.5702
119900	-0.1291	-0.902	-0.8446	1.718	0.426	-0.3161	-0.298	-0.07017	-0.6376	-0.8034
120100	-0.2243	-0.361	-0.5446	1.269	0.4148	0.1916	-0.3582	0.5784	-0.6083	-0.8531
120300	0.04689	-0.5588	-0.904	1.236	-0.0008945	-0.3531	-0.3742	-0.1437	-0.743	-0.545
120500	0.7588	-0.5517	-0.7713	2.203	0.06104	-0.05869	-0.09105	0.09743	-0.5772	-0.59
120700	-0.3574	-0.2973	-0.3886	0.7064	0.102	-0.7936	-0.3629	-0.5047	-0.7181	-0.7798
120900	-0.2442	0.07405	-0.3199	0.5252	0.02873	-0.5154	-0.4848	0.1876	-0.678	-0.6906
121100	0.03581	0.6392	-0.787	0.9605	-0.1342	-0.292	-0.3728	-0.2681	-0.5615	-0.6335
121300	0.1014	0.2486	-0.3173	0.428	0.07709	-0.6501	-0.4434	-0.4734	-0.6402	-0.5936
121500	-0.179	0.509	-0.4795	0.5176	0.0432	-0.4804	-0.3894	-0.28	-0.8175	-0.6268
121700	-0.4759	-0.2548	-0.00128	0.2934	-0.06352	-0.2054	-0.4943	1.029	-0.5433	-0.4804
121900	-0.3077	-0.04284	0.1002	0.1513	0.1234	-0.4423	-0.5407	0.126	-0.6696	-0.7404
122100	-0.1258	1.122	0.241	0.3178	0.5764	-0.2676	-0.6195	-0.1106	-0.4841	-0.5487
122300	0.2932	1.793	0.07056	0.2579	0.06589	0.3039	-0.5511	0.2269	-0.3265	-0.5656
122500	0.6502	1.518	-0.7619	2.196	0.5374	-0.07109	-0.3231	0.8682	-0.4303	-0.388
122700	0.5937	1.76	0.6382	0.8861	0.2706	-0.6384	-0.5913	0.3178	-0.2032	-0.4299
122900	-0.3549	0.7537	0.4324	-0.2077	0.2318	-0.5263	-0.5628	0.1219	-0.6239	-0.5253
123100	-0.04768	0.5792	0.01772	0.7422	0.3094	-0.2323	-0.4662	0.4678	-0.5113	-0.008678
123300	0.06211	0.7664	-0.4904	0.2286	0.1595	0.9105	-0.3926	0.1555	-0.2004	0.0952
123500	-0.4799	1.393	0.2887	0.2322	0.07927	0.7589	-0.6602	0.04051	-0.3207	-0.4513
123700	-0.5251	1.329	0.02878	-0.4228	-0.2076	0.1345	-0.6269	-0.1927	-0.216	-0.5327
123900	-0.4294	0.8929	-0.6697	0.1665	-0.8204	-0.2843	-0.6117	-0.02358	-0.1982	-0.3213
124100	0.2928	2.559	0.405	-0.1035	0.08383	0.4407	-0.3954	0.7591	-0.01537	-0.01341
124300	-0.2244	2.095	0.1727	0.09799	-0.02478	0.1522	-0.3617	-0.6039	-0.2846	-0.4419
124500	-0.595	1.443	-0.06802	0.2684	-0.4008	-0.4584	-0.5648	-0.42	-0.5745	-0.6294
124700	-0.4611	2.3	-0.3181	0.5026	-0.1954	-0.2397	-0.5688	-0.2394	-0.3835	-0.3952
124900	0.156	2.57	-0.2255	-0.03374	-0.09533	-0.3532	-0.4401	0.3612	-0.1117	0.1182
125100	-0.2776	1.77	-0.2188	0.04924	0.1557	0.1473	-0.4496	0.4894	-0.2557	0.1435
125300	-0.7115	0.4763	-0.3319	0.2064	-0.6412	-0.3797	-0.5606	-0.1661	-0.3279	-0.4506
125500	0.03818	0.656	-0.3048	0.781	-0.044	-0.1893	-0.3661	0.8804	0.03358	-0.06374
125700	0.02507	-0.01857	-0.6239	-0.3234	0.07342	-0.6735	-0.6014	-0.137	-0.2263	-0.428
125900	-0.1484	0.9638	-0.4222	-0.4158	0.6239	0.3672	-0.4226	-0.008721	-0.0605	-0.2245
126100	-0.2031	1.202	0.6169	0.2655	-0.1451	0.4562	-0.4606	0.05235	-0.2848	-0.2813
126300	-0.05604	1.799	-0.1279	0.1674	-0.01447	0.06382	-0.4309	0.1419	-0.3304	-0.4142
126500	-0.05173	0.3489	-0.2913	-0.4231	-0.06273	-0.5529	-0.3541	-0.1276	-0.4203	-0.474
126700	-0.09695	2.111	-0.3629	1.065	0.5848	0.5257	-0.4044	0.859	0.09575	-0.1073
126900	-0.0622	1.47	0.3559	-0.03919	-0.3383	0.4406	-0.5378	-0.07659	-0.01277	0.07636
127100	0.1856	1.754	0.2605	-0.6015	-0.6805	1.096	-0.3441	-0.04788	-0.1156	-0.03272
127300	0.04557	1.451	1.032	-0.1697	-0.3348	0.4002	-0.4841	0.06192	0.1762	0.1988
127500	0.641	1.521	1.36	-0.218	0.4101	0.7208	-0.5554	0.5698	0.5741	0.4482
127700	0.4009	1.764	0.8408	0.5147	0.1158	1.12	-0.4845	1.232	0.2091	0.5808
127900	-0.6376	0.986	0.5997	-0.7419	-0.4433	0.535	-0.5112	0.08572	0.1119	0.173
128100	-0.4651	0.5362	1.014	-0.2875	-0.3214	0.8925	-0.5991	-0.4716	0.07856	-0.3362
128300	0.5067	1.852	0.508	-0.5554	-0.06788	0.5959	-0.496	0.4426	0.1357	0.3201
128500	2.293	3.777	2.388	0.04153	0.4841	1.835	-0.3046	1.03	1.024	1.545
128700	1.566	3.003	2.894	1.021	0.6161	2.271	-0.2216	0.2872	0.9415	1.554
128900	1.371	1.642	0.4919	1.059	-0.1759	0.9129	0.4255	0.8082	0.7814	1.257
129100	1.365	0.6687	-0.0493	0.4726	-0.1553	0.7344	0.5618	0.6105	0.621	1.333
129300	1.031	1.624	0.5244	0.4028	0.1496	1.263	0.6082	0.5604	0.8878	1.382
129500	-0.1552	1.893	1.822	-0.531	0.07788	1.062	0.1349	0.4122	1.266	1.089
129700	-0.5368	1.653	1.705	0.05439	-0.1049	0.5034	-0.4961	-0.02836	0.431	0.5614
129900	0.02358	1.2	0.5399	-0.8952	-0.1731	0.3814	-0.3358	0.02603	0.5174	0.2251
130100	0.6238	2.919	0.7813	1.451	0.1663	1.664	-0.2536	0.7584	1.021	1.165
130300	0.567	2.111	0.6515	0.735	-0.324	1.912	-0.3335	0.6118	0.9643	0.7076
130500	0.2887	2.642	0.4034	1.05	-0.2806	0.3942	-0.2944	0.9903	0.7233	0.9021
130700	0.0351	2.239	0.4297	1.126	-0.3017	0.19	-0.2475	0.3961	0.003496	0.4677
130900	0.07918	0.9623	-0.4484	0.6661	-0.4871	0.2842	-0.2193	0.3663	0.2803	0.1275
131100	-0.06581	2.368	0.4383	0.4206	-0.1729	0.8029	-0.09618	0.6636	0.5791	0.5665
131300	-0.1338	1.294	0.4727	-0.5747	-0.1941	0.7924	-0.4299	-0.5381	0.02305	-0.004911
131500	-0.5298	0.6095	0.2736	0.3045	-0.2912	1.533	-0.4487	-0.3386	0.3039	-0.1154
131700	-0.7081	0.3975	0.909	-0.5989	-0.1194	1.789	-0.341	-0.5696	0.3097	-0.06679
131900	-0.4907	0.04902	0.1734	-1.093	-0.3246	0.6751	-0.3644	-0.7311	-0.1659	-0.09556
132100	0.1865	-0.5393	-0.1783	-0.9745	-0.1964	0.2475	0.2443	-0.4984	0.2247	0.4555
132300	0.6009	-0.3262	-0.7568	-0.5297	-0.1377	0.6459	1.504	-0.1633	0.05619	0.2216
132500	0.1838	0.4176	-0.5533	-0.5649	-0.3488	1.307	1.225	-0.2681	0.2695	0.6752
132700	-0.4522	0.3264	-0.4418	-1.023	-0.09622	0.4577	0.7292	-0.6324	0.07047	0.005669
132900	-1.164	-0.1093	-0.6584	-1.221	-0.2534	0.09407	-0.4668	-1.165	-0.5082	-0.6181
133100	-0.9906	-0.08769	-0.05809	-0.9186	-0.5109	0.02833	-0.5759	-0.6586	-0.376	-0.38
133300	-0.6002	-0.5753	-0.2455	-0.641	-0.3264	0.7288	-0.253	-0.6956	-0.3406	-0.499
133500	0.07892	0.6199	-0.386	-0.2939	0.4607	2.301	0.786	1.39	0.3187	0.5373
133700	-0.3597	0.2151	-0.2697	-0.2492	-0.2655	1.36	-0.06436	0.5842	-0.123	0.1795
133900	-1	-0.2178	-0.3392	-0.5303	-0.6505	-0.3022	-0.6267	-0.5237	-0.4116	-0.7917
134100	-0.8218	0.7251	0.2277	0.1638	0.05499	0.9268	-0.6434	-0.5118	-0.1905	-0.5938
134300	-0.02543	0.5658	0.04372	0.2116	0.28	1.792	-0.5262	0.331	-0.2304	-0.2241
134500	-0.683	-0.3728	0.293	0.006672	-0.1399	0.7228	-0.5505	0.2329	-0.309	-0.08955
134700	-0.6362	-0.7957	-0.1693	-0.937	-0.136	0.4584	-0.4525	-0.835	-0.574	-0.6926
134900	-0.4626	-0.09849	-0.5022	0.5771	0.2974	0.7134	-0.3456	-0.6203	-0.508	-0.6403
135100	-0.2965	-0.002309	-0.7679	1.063	0.3566	1.432	-0.4107	-0.03176	-0.3947	-0.3843
135300	-0.629	-0.9823	-0.5929	-0.054	0.2368	0.4528	-0.551	-0.9583	-0.5146	-0.4887
135500	-0.3464	0.01523	-0.566	1.185	0.751	0.4333	-0.2859	0.01646	-0.4694	-0.5176
135700	0.1862	-0.1169	-0.4546	0.1462	0.9325	1.133	-0.1916	0.5646	-0.3366	-0.451
135900	-0.2357	-0.09036	-0.916	-0.4707	0.6787	-0.1983	-0.4125	-0.5813	-0.5174	-0.6037
136100	0.2389	-0.1193	-0.7245	0.6772	2.105	0.3288	-0.3049	-0.2862	-0.2999	-0.4526
136300	0.3589	-0.4219	-0.8813	0.8491	2.315	-0.1228	-0.25	0.9585	-0.4585	-0.08442
136500	0.3509	0.09705	-0.8261	2.436	2.517	0.5479	-0.1728	0.6716	-0.5207	0.1714
136700	0.4142	0.6442	-0.7607	0.8721	4.081	0.09407	-0.3054	0.196	-0.3902	-0.3366
136900	0.169	0.9328	-0.4119	0.6807	3.539	0.4802	-0.2475	1.425	0.0004409	0.4292
137100	-0.4817	0.6559	-0.3383	1.572	2.185	0.2678	-0.2975	0.318	-0.2652	-0.1895
137300	-0.7653	0.1739	-0.516	0.1387	0.5229	-0.5291	-0.6321	-0.3981	-0.7781	-0.7227
137500	-0.6537	0.05703	-0.4798	1.101	1.994	-0.8274	-0.489	-0.2052	-0.6355	-0.5545
137700	0.3206	-0.06901	-0.5867	1.124	2.514	-0.1124	-0.1455	0.1022	-0.5655	-0.6066
137900	-0.2534	0.4566	-0.2766	1.56	2.464	-0.0597	-0.05805	0.4921	-0.5101	-0.2757
138100	0.08569	0.0381	-0.5946	1.298	2.469	-0.5176	-0.001853	0.2323	-0.6751	-0.4192
138300	-0.09475	-0.5208	-0.878	0.6053	1.931	-0.4568	0.1753	0.07577	-0.4153	-0.529
138500	0.2002	0.09057	-0.9322	2.07	2.253	-0.5387	-0.0219	0.1195	-0.6513	-0.6851
138700	0.06889	-1.028	-0.7179	0.9002	2.917	-0.4395	-0.05674	-0.4581	-0.6558	-0.3305
138900	-0.2866	-0.9757	-0.6481	0.6896	2.99	-0.7167	-0.1013	-0.6689	-0.8652	-0.6623
139100	-0.1376	-0.796	-0.5977	1.272	2.352	-0.6571	0.08354	0.3484	-0.5433	-0.2109
139300	-0.0009678	-0.7236	-0.5617	0.4494	2.39	-0.3488	0.3409	0.1407	-0.4234	-0.3784
139500	0.01337	-0.934	-0.7804	0.9251	2.409	-0.3066	-0.1094	-0.2002	-0.5632	-0.4587
139700	0.02252	-1.27	-0.6927	1.125	2.95	-0.7163	-0.2878	-0.1292	-0.8769	-0.6296
139900	-0.1431	-1.327	-0.7769	-0.03467	2.087	-0.5732	-0.3665	-0.2002	-0.8282	-0.8273
